1000 
2000 637 
3000 3269 7039 
4000 3350 4788 7546 
5000 8032 9427 976 2476 
6000 9642 4232 1890 704 6463 
7000 1921 5655 1119 3115 5920 1808 
8000 3674 246 2023 4440 9607 4112 3215 
9000 6345 323 1664 2331 7452 3794 7679 3102 
10000 3058 755 1677 8032 2408 2592 2138 2373 8718 
11000 4602 7324 7545 4014 6970 4342 7682 150 3856 8177 
12000 1782 3248 1745 4864 9443 4900 8115 4120 9015 7040 9258 
13000 6637 9558 5366 7156 1848 2524 4337 5049 7608 8639 8301 1939 
14000 6996 2968 4473 541 3388 5992 2092 2973 9367 2573 2658 9965 8168 
15000 1546 3243 752 8497 5215 7319 9245 574 7634 2223 8296 3044 9445 120 
16000 1045 5210 7347 5870 8487 3701 4301 1899 441 9828 3076 7769 8008 4496 6796 
17000 2199 464 5164 4039 1014 8099 7932 1909 3051 4805 1698 8578 1771 5889 5711 9967 
18000 2603 9256 3629 2793 5219 6534 8838 944 5113 4981 6811 6958 48 9463 7477 5723 1111 
