id|trade_date|open|close|bid|ask|volume_pre|volume_post|volume
AAPL:037833100|2011-11-01|397.410000|396.510000|396.500000|396.510000|166729.000000|310857.000000|18514825.000000
AAp:01381720|2011-11-01||83.470000|81.980000|83.470000|||
MSFT:594918104|2011-11-01|26.190000|25.990000|25.970000|25.980000|1093228.000000|223277.000000|59870451.000000
IBM:459200101|2011-11-01|181.550000|181.350000|181.510000|181.510000|113421.000000|40485.000000|5729430.000000
WMT:931142103|2011-11-01|55.820000|56.230000|56.260000|56.260000|180056.000000|86917.000000|13523170.000000
ORCL:68389X105|2011-11-01|31.960000|31.690000|31.680000|31.690000|472424.000000|40942.000000|30966777.000000
INTC:458140100|2011-11-01|24.110000|23.900000|23.890000|23.890000|1062542.000000|236846.000000|66702952.000000
SAP:803054204|2011-11-01|58.290000|58.960000|58.960000|58.970000|300.000000|69670.000000|2755904.000000
CAJ:138006309|2011-11-01|44.740000|44.870000|44.810000|44.840000|1100.000000|500.000000|269590.000000
EMC:268648102|2011-11-01|23.830000|23.780000|23.780000|23.770000|261362.000000|355900.000000|26647173.000000
POT:003493512|2011-11-01|45.31|45.67|45.73|45.74|27,057|66,376|11,525,889
GM:37045V100|2011-11-01|24.820000|23.330000|23.340000|23.340000|208471.000000|68230.000000|25094427.000000
TGT:87612E106|2011-11-01|53.240000|52.610000|52.630000|52.620000|24257.000000|26755.000000|16414943.000000
CCL:143658300|2011-11-01|33.610000|33.260000|33.260000|33.260000|32442.000000|72285.000000|8335916.000000
WIT:97651M109|2011-11-01|10.300000|10.060000|10.050000|10.060000|600.000000|300.000000|1046800.000000
YUM:988498101|2011-11-01|52.510000|52.620000|52.630000|52.650000|19582.000000|9287.000000|4103208.000000
BRCM:111320107|2011-11-01|35.059900|34.500000|34.510000|34.520000|210143.000000|18513.000000|9877910.000000
ASML:N07059186|2011-11-01|40.100000|40.650000|40.650000|40.680000|1200.000000|639683.000000|4811125.000000
AMAT:038222105|2011-11-01|12.010000|11.920000|11.910000|11.920000|493318.000000|13269.000000|15559894.000000
NVDA:67066G104|2011-11-01|14.260000|14.060000|14.050000|14.060000|175137.000000|73657.000000|19527313.000000
MRVL:G5876H105|2011-11-01|13.570000|13.520000|13.530000|13.540000|179687.000000|7285.000000|14906369.000000
MXIM:57772K101|2011-11-01|25.630000|25.570000|25.570000|25.590000|34728.000000|2500.000000|2259594.000000
DAL:247361702|2011-11-01|8.200000|8.330000|8.320000|8.330000|4855.000000|30796.000000|20809332.000000
STX:G7945M107|2011-11-01|15.740000|16.250000|16.260000|16.280000|45565.000000|4750.000000|16628973.000000
MCHP:595017104|2011-11-01|35.170000|34.480000|34.480000|34.490000|107588.000000|68609.000000|3517371.000000
STM:861012102|2011-11-01|6.440000|6.490000|6.480000|6.490000|200.000000|33786.000000|3786972.000000
GIB:39945C109|2011-11-01|19.500000|19.670000|19.680000|19.700000|1200.000000|1769.000000|353915.000000
ATML:049513104|2011-11-01|10.150000|10.290000|10.290000|10.300000|432758.000000|3689.000000|11787197.000000
AAPL:037833100|2011-11-02|400.090000|397.410000|397.220000|397.410000|371114.000000|134301.000000|11217966.000000
AAp:01381720|2011-11-02||80.520000|80.520000|82.790000|||
MSFT:594918104|2011-11-02|26.100000|26.010000|26.010000|26.020000|1839211.000000|79224.000000|51617963.000000
IBM:459200101|2011-11-02|184.000000|183.920000|183.880000|183.880000|141948.000000|10644.000000|3984111.000000
WMT:931142103|2011-11-02|56.770000|56.860000|56.860000|56.870000|309634.000000|5436.000000|8605377.000000
ORCL:68389X105|2011-11-02|31.960000|32.280000|32.290000|32.300000|861731.000000|18820.000000|25590322.000000
INTC:458140100|2011-11-02|24.020000|23.850000|23.840000|23.850000|1484375.000000|179969.000000|55038457.000000
SAP:803054204|2011-11-02|59.710000|60.250000|60.220000|60.230000|300.000000|11352.000000|1514561.000000
CAJ:138006309|2011-11-02|45.080000|45.040000|45.040000|45.060000|1100.000000|500.000000|219341.000000
EMC:268648102|2011-11-02|24.070000|24.310000|24.300000|24.310000|732967.000000|3700.000000|25420302.000000
POT:003493512|2011-11-02|46.96|46.76|46.76|46.76|9,005|19,226|7,921,861
GM:37045V100|2011-11-02|23.700000|23.200000|23.200000|23.200000|93130.000000|45100.000000|14230407.000000
TGT:87612E106|2011-11-02|53.330000|52.920000|52.920000|52.920000|284268.000000|66002.000000|11832712.000000
CCL:143658300|2011-11-02|33.720000|33.920000|33.930000|33.940000|22237.000000|7525.000000|5728345.000000
WIT:97651M109|2011-11-02|10.120000|10.100000|10.100000|10.110000|600.000000|200.000000|773128.000000
YUM:988498101|2011-11-02|53.090000|53.150000|53.120000|53.130000|32518.000000|225.000000|3284948.000000
BRCM:111320107|2011-11-02|34.810000|34.220000|34.220000|34.230000|130351.000000|3015.000000|8616728.000000
ASML:N07059186|2011-11-02|40.530000|40.460000|40.460000|40.480000|12600.000000|20811.000000|2175540.000000
AMAT:038222105|2011-11-02|12.000000|12.040000|12.030000|12.040000|398220.000000|1000.000000|12190794.000000
NVDA:67066G104|2011-11-02|14.200000|13.815000|13.810000|13.820000|406335.000000|24470.000000|23621531.000000
MRVL:G5876H105|2011-11-02|13.690000|13.600000|13.600000|13.610000|114761.000000|5300.000000|8568950.000000
MXIM:57772K101|2011-11-02|25.820000|25.630000|25.640000|25.650000|54508.000000|2190.000000|1680256.000000
STX:G7945M107|2011-11-02|16.270000|16.840000|16.840000|16.850000|415338.000000|900.000000|15120675.000000
DAL:247361702|2011-11-02|8.400000|8.250000|8.250000|8.260000|343104.000000|300.000000|11539383.000000
MCHP:595017104|2011-11-02|34.730000|34.620000|34.610000|34.620000|44906.000000|2166.000000|2200214.000000
STM:861012102|2011-11-02|6.700000|6.710000|6.690000|6.700000|3244.000000|7140.000000|2169972.000000
GIB:39945C109|2011-11-02|19.890000|20.110000|20.140000|20.160000|1200.000000|1769.000000|227500.000000
ATML:049513104|2011-11-02|9.800000|10.180000|10.180000|10.190000|867981.000000|119950.000000|17907033.000000
AAPL:037833100|2011-11-03|399.070000|403.070000|403.050000|403.060000|143943.000000|257056.000000|15367726.000000
AAp:01381720|2011-11-03||83.500000|82.010000|83.500000|||
MSFT:594918104|2011-11-03|26.240000|26.530000|26.510000|26.520000|6546764.000000|285622.000000|59004625.000000
IBM:459200101|2011-11-03|185.130000|187.300000|187.220000|187.000000|244394.000000|45190.000000|4664053.000000
WMT:931142103|2011-11-03|57.050000|57.420000|57.420000|57.430000|174588.000000|14962.000000|9386039.000000
ORCL:68389X105|2011-11-03|32.260000|33.110000|33.100000|33.110000|706778.000000|45142.000000|26715224.000000
INTC:458140100|2011-11-03|23.790000|24.200000|24.190000|24.200000|1674892.000000|471294.000000|56150159.000000
SAP:803054204|2011-11-03|60.850000|61.980000|62.000000|62.010000|313493.000000|24644.000000|1857851.000000
CAJ:138006309|2011-11-03|45.230000|45.370000|45.380000|45.410000|1100.000000|500.000000|183004.000000
EMC:268648102|2011-11-03|24.560000|25.000000|24.980000|24.990000|277323.000000|33406.000000|18838778.000000
POT:003493512|2011-11-03|47.64|47.73|47.74|47.75|39,810|28,841|7,913,443
GM:37045V100|2011-11-03|23.820000|24.030000|24.030000|24.030000|1321932.000000|200421.000000|18432225.000000
TGT:87612E106|2011-11-03|51.680000|52.240000|52.230000|52.240000|498147.000000|180552.000000|9366243.000000
CCL:143658300|2011-11-03|34.530000|34.380000|34.360000|34.370000|41758.000000|4124.000000|3952067.000000
WIT:97651M109|2011-11-03|10.160000|10.250000|10.230000|10.240000|600.000000|6185.000000|650429.000000
YUM:988498101|2011-11-03|53.630000|54.040000|54.020000|54.030000|36460.000000|2069.000000|3067020.000000
BRCM:111320107|2011-11-03|34.630000|35.390000|35.380000|35.390000|428956.000000|11394.000000|7643439.000000
ASML:N07059186|2011-11-03|41.110000|42.180000|42.150000|42.170000|12600.000000|270136.000000|2307769.000000
AMAT:038222105|2011-11-03|12.120000|12.360000|12.360000|12.370000|377656.000000|7438.000000|12968130.000000
NVDA:67066G104|2011-11-03|13.970000|14.650000|14.630000|14.640000|651028.000000|68508.000000|18014742.000000
MRVL:G5876H105|2011-11-03|13.720000|13.900000|13.890000|13.900000|334623.000000|8240.000000|11447806.000000
MXIM:57772K101|2011-11-03|25.890000|26.490000|26.490000|26.510000|31057.000000|400.000000|1810235.000000
STX:G7945M107|2011-11-03|17.300000|17.290000|17.300000|17.310000|99923.000000|167705.000000|18812859.000000
DAL:247361702|2011-11-03|8.410000|8.300000|8.290000|8.300000|137724.000000|10827.000000|12894491.000000
MCHP:595017104|2011-11-03|34.850000|35.770000|35.740000|35.770000|82155.000000|730.000000|2656442.000000
STM:861012102|2011-11-03|7.100000|7.350000|7.360000|7.370000|3244.000000|20342.000000|3352572.000000
GIB:39945C109|2011-11-03|20.300000|20.540000|20.520000|20.540000|1200.000000|1769.000000|213239.000000
ATML:049513104|2011-11-03|10.300000|10.440000|10.430000|10.440000|356657.000000|2176.000000|7686468.000000
AAPL:037833100|2011-11-04|402.030000|400.240000|400.240000|400.250000|432787.000000|162121.000000|10198948.000000
AAp:01381720|2011-11-04||80.500000|79.050000|83.650000|||
MSFT:594918104|2011-11-04|26.380000|26.250000|26.250000|26.260000|688960.000000|95729.000000|35768580.000000
IBM:459200101|2011-11-04|186.270000|186.380000|186.410000|186.450000|92755.000000|8112.000000|3137007.000000
WMT:931142103|2011-11-04|57.080000|57.500000|57.480000|57.490000|164763.000000|9511.000000|6832402.000000
ORCL:68389X105|2011-11-04|32.820000|32.550000|32.550000|32.560000|2106741.000000|26836.000000|21704301.000000
INTC:458140100|2011-11-04|24.040100|23.740000|23.730000|23.740000|979963.000000|69480.000000|45426559.000000
SAP:803054204|2011-11-04|60.860000|61.070000|61.040000|61.070000|24100.000000|24100.000000|2934446.000000
CAJ:138006309|2011-11-04|44.740000|44.600000|44.550000|44.580000|700.000000|500.000000|392443.000000
EMC:268648102|2011-11-04|24.720000|24.670000|24.680000|24.680000|2116370.000000|8300.000000|18437275.000000
POT:003493512|2011-11-04|47.45|48.05|48.08|48.08|17,260|24,671|5,744,432
GM:37045V100|2011-11-04|23.890000|23.610000|23.600000|23.610000|43357.000000|12465.000000|9398236.000000
TGT:87612E106|2011-11-04|52.070000|52.170000|52.180000|52.190000|61422.000000|1090.000000|5202924.000000
CCL:143658300|2011-11-04|33.960000|34.080000|34.080000|34.080000|28360.000000|2268.000000|2605630.000000
YUM:988498101|2011-11-04|54.030000|53.980000|53.980000|54.010000|24675.000000|1440.000000|3929395.000000
WIT:97651M109|2011-11-04|10.120000|10.000000|9.990000|10.000000|2000.000000|6185.000000|594061.000000
BRCM:111320107|2011-11-04|35.000000|36.010000|36.010000|36.020000|199648.000000|3450.000000|5926906.000000
ASML:N07059186|2011-11-04|41.770000|42.360000|42.360000|42.380000|10820.000000|84201.000000|1403920.000000
AMAT:038222105|2011-11-04|12.310000|12.420000|12.420000|12.430000|655313.000000|1481.000000|8772893.000000
NVDA:67066G104|2011-11-04|14.520000|14.820000|14.820000|14.830000|210322.000000|7149.000000|16162841.000000
MRVL:G5876H105|2011-11-04|13.760000|14.240000|14.240000|14.250000|171381.000000|2100.000000|11553358.000000
MXIM:57772K101|2011-11-04|26.330000|26.870000|26.860000|26.870000|36069.000000|400.000000|1744514.000000
STX:G7945M107|2011-11-04|17.160100|18.340000|18.340000|18.360000|62211.000000|8111.000000|19814035.000000
DAL:247361702|2011-11-04|8.280000|8.350000|8.340000|8.350000|79849.000000|2500.000000|9338283.000000
MCHP:595017104|2011-11-04|37.090000|37.020000|37.020000|37.030000|77047.000000|600.000000|3855834.000000
STM:861012102|2011-11-04|7.180000|7.240000|7.230000|7.240000|10868.000000|13211.000000|1238033.000000
GIB:39945C109|2011-11-04|20.240000|20.300000|20.300000|20.310000|200.000000|2450.000000|131302.000000
ATML:049513104|2011-11-04|10.280000|10.550000|10.540000|10.550000|600284.000000|100.000000|9968867.000000
AAPL:037833100|2011-11-07|399.910000|399.730000|399.730000|398.000000|190394.000000|68216.000000|9393647.000000
AAp:01381720|2011-11-07||80.500000|79.560000|83.750000|||
MSFT:594918104|2011-11-07|26.210000|26.800000|26.790000|26.800000|1112701.000000|34110.000000|41439232.000000
IBM:459200101|2011-11-07|186.220000|187.320000|187.220000|187.230000|40428.000000|1671.000000|3488996.000000
WMT:931142103|2011-11-07|57.340000|57.940000|57.910000|57.930000|30133.000000|8680.000000|8481700.000000
ORCL:68389X105|2011-11-07|32.390000|32.870000|32.880000|32.890000|536278.000000|700.000000|23443116.000000
INTC:458140100|2011-11-07|23.700000|24.280000|24.280000|24.290000|3684753.000000|59452.000000|47400740.000000
SAP:803054204|2011-11-07|60.480000|61.130000|61.150000|61.160000|15000.000000|1018141.000000|2813371.000000
CAJ:138006309|2011-11-07|43.980000|44.100000|44.070000|44.080000|1100.000000|600.000000|378000.000000
EMC:268648102|2011-11-07|24.590000|24.600000|24.610000|24.620000|68571.000000|727.000000|12670562.000000
POT:003493512|2011-11-07|47.96|48.63|48.65|48.66|8,258|4,400|4,675,828
GM:37045V100|2011-11-07|23.930000|24.010000|24.050000|24.030000|49718.000000|18302.000000|9736884.000000
TGT:87612E106|2011-11-07|52.280000|52.830000|52.800000|52.810000|47825.000000|1090.000000|3820449.000000
CCL:143658300|2011-11-07|34.090000|33.950000|33.930000|33.940000|4954.000000|7935.000000|4657645.000000
YUM:988498101|2011-11-07|54.150000|54.630000|54.610000|54.620000|24675.000000|134.000000|3494056.000000
WIT:97651M109|2011-11-07|9.940000|10.180000|10.170000|10.180000|2000.000000|6185.000000|463224.000000
BRCM:111320107|2011-11-07|35.900000|35.830000|35.820000|35.830000|109876.000000|400.000000|4820421.000000
ASML:N07059186|2011-11-07|41.650000|41.740000|41.740000|41.670000|10820.000000|12650.000000|1298749.000000
AMAT:038222105|2011-11-07|12.360000|12.405000|12.400000|12.410000|167187.000000|200.000000|10565615.000000
NVDA:67066G104|2011-11-07|14.710000|14.740000|14.730000|14.740000|94836.000000|3160.000000|15243576.000000
MRVL:G5876H105|2011-11-07|14.240000|14.390000|14.380000|14.390000|389338.000000|2100.000000|10749347.000000
MXIM:57772K101|2011-11-07|26.750000|26.500000|26.480000|26.500000|32159.000000|100.000000|2687087.000000
STX:G7945M107|2011-11-07|18.090000|18.350000|18.340000|18.350000|59936.000000|8612.000000|12030114.000000
DAL:247361702|2011-11-07|8.370000|8.310000|8.310000|8.320000|79849.000000|2500.000000|7653464.000000
MCHP:595017104|2011-11-07|36.630000|36.560000|36.550000|36.560000|1125160.000000|2160.000000|2521031.000000
STM:861012102|2011-11-07|7.370000|7.370000|7.360000|7.370000|10868.000000|9256.000000|1902100.000000
GIB:39945C109|2011-11-07|20.210000|20.420000|20.370000|20.390000|2800.000000|500.000000|171214.000000
ATML:049513104|2011-11-07|10.530000|10.440000|10.430000|10.440000|3163.000000|500.000000|7034371.000000
AAPL:037833100|2011-11-08|402.210000|406.230000|406.190000|406.230000|156702.000000|90714.000000|14053990.000000
AAp:01381720|2011-11-08||80.560000|80.550000|82.050000|||
MSFT:594918104|2011-11-08|27.010000|27.160000|27.150000|27.160000|926827.000000|149793.000000|46749016.000000
IBM:459200101|2011-11-08|187.480000|187.250000|187.140000|187.120000|30012.000000|17705.000000|4283851.000000
WMT:931142103|2011-11-08|58.020000|59.320000|59.340000|59.350000|186759.000000|165337.000000|19755001.000000
ORCL:68389X105|2011-11-08|33.130000|33.610000|33.600000|33.610000|373638.000000|24352.000000|29773418.000000
INTC:458140100|2011-11-08|24.480000|24.750000|24.740000|24.750000|1214244.000000|113956.000000|54641075.000000
SAP:803054204|2011-11-08|61.720000|62.040000|62.010000|62.020000|15000.000000|629135.000000|1260650.000000
CAJ:138006309|2011-11-08|44.220000|44.430000|44.390000|44.400000|1100.000000|600.000000|255080.000000
EMC:268648102|2011-11-08|24.720000|24.970000|24.980000|24.970000|124031.000000|7134.000000|19528196.000000
POT:003493512|2011-11-08|49.05|49.14|49.08|49.09|5,371|23,915|6,160,325
GM:37045V100|2011-11-08|24.200000|25.040000|25.050000|25.060000|578647.000000|25919.000000|19287184.000000
TGT:87612E106|2011-11-08|53.000000|53.050000|53.040000|53.040000|51541.000000|1292.000000|5150131.000000
CCL:143658300|2011-11-08|34.510000|34.400000|34.380000|34.400000|10441.000000|43770.000000|3819441.000000
YUM:988498101|2011-11-08|54.850000|55.630000|55.630000|55.640000|24675.000000|134.000000|3977769.000000
WIT:97651M109|2011-11-08|10.180000|10.210000|10.200000|10.210000|2000.000000|1605.000000|362057.000000
BRCM:111320107|2011-11-08|35.950000|35.840000|35.850000|35.860000|89036.000000|5622.000000|5523201.000000
ASML:N07059186|2011-11-08|43.170000|42.980000|42.990000|43.000000|57695.000000|155698.000000|2644671.000000
AMAT:038222105|2011-11-08|12.500000|12.640000|12.630000|12.640000|254541.000000|1650.000000|11598138.000000
NVDA:67066G104|2011-11-08|14.930000|15.080000|15.080000|15.090000|128668.000000|25956.000000|13591970.000000
MRVL:G5876H105|2011-11-08|14.549900|14.620000|14.610000|14.620000|87786.000000|6370.000000|14251772.000000
MXIM:57772K101|2011-11-08|26.680000|27.080000|27.060000|27.070000|54101.000000|100.000000|2230197.000000
STX:G7945M107|2011-11-08|18.180000|17.880000|17.870000|17.880000|22250.000000|16280.000000|14489021.000000
MCHP:595017104|2011-11-08|36.740000|36.920000|36.910000|36.920000|66307.000000|6143.000000|1994983.000000
DAL:247361702|2011-11-08|8.290000|8.200000|8.190000|8.200000|1951.000000|2500.000000|14861458.000000
STM:861012102|2011-11-08|7.490000|7.520000|7.520000|7.520000|3109.000000|1621.000000|1701585.000000
GIB:39945C109|2011-11-08|20.370000|20.350000|20.330000|20.350000|6100.000000|500.000000|305042.000000
ATML:049513104|2011-11-08|10.490000|10.170000|10.170000|10.180000|242603.000000|1981.000000|9528002.000000
AAPL:037833100|2011-11-09|396.970000|395.280000|395.260000|395.440000|390317.000000|689389.000000|18873284.000000
AAp:01381720|2011-11-09||79.060000|79.050000|80.540000|||
MSFT:594918104|2011-11-09|26.590000|26.200000|26.200000|26.210000|1721618.000000|151925.000000|61077282.000000
IBM:459200101|2011-11-09|184.200000|182.240000|182.430000|182.410000|325951.000000|13221.000000|5155842.000000
WMT:931142103|2011-11-09|58.530000|58.050000|58.060000|58.030000|243291.000000|97854.000000|13606519.000000
ORCL:68389X105|2011-11-09|32.839900|31.590000|31.590000|31.600000|1044772.000000|64551.000000|35823745.000000
INTC:458140100|2011-11-09|24.240000|23.840000|23.840000|23.850000|1443130.000000|183135.000000|55245879.000000
SAP:803054204|2011-11-09|59.580000|58.480000|58.490000|58.510000|211.000000|141753.000000|2356090.000000
CAJ:138006309|2011-11-09|43.770000|43.290000|43.260000|43.290000|1100.000000|486.000000|277128.000000
EMC:268648102|2011-11-09|24.460000|24.080000|24.060000|24.070000|242330.000000|44451.000000|18636131.000000
POT:003493512|2011-11-09|47.90|46.63|46.67|46.70|59,800|41,294|6,721,498
GM:37045V100|2011-11-09|23.070000|22.310000|22.310000|22.310000|192903.000000|1114652.000000|31610657.000000
TGT:87612E106|2011-11-09|52.090000|51.690000|51.680000|51.690000|50260.000000|2400.000000|5824190.000000
CCL:143658300|2011-11-09|33.280000|32.530000|32.530000|32.550000|35626.000000|22713.000000|6206921.000000
YUM:988498101|2011-11-09|54.430000|54.810000|54.820000|54.840000|59115.000000|800.000000|6260661.000000
WIT:97651M109|2011-11-09|9.840000|9.660000|9.670000|9.680000|2000.000000|100.000000|564982.000000
BRCM:111320107|2011-11-09|34.740000|34.050000|34.050000|34.060000|585446.000000|23140.000000|6629887.000000
ASML:N07059186|2011-11-09|40.920000|40.100000|40.070000|40.100000|57695.000000|149054.000000|2305479.000000
AMAT:038222105|2011-11-09|12.400000|12.140000|12.130000|12.140000|574564.000000|9432.000000|16311132.000000
NVDA:67066G104|2011-11-09|14.730000|14.320000|14.320000|14.330000|325320.000000|60595.000000|12923721.000000
MRVL:G5876H105|2011-11-09|14.230000|14.110000|14.110000|14.120000|188682.000000|1325.000000|11708912.000000
MXIM:57772K101|2011-11-09|26.510000|25.890000|25.890000|25.900000|31116.000000|100.000000|2198731.000000
STX:G7945M107|2011-11-09|17.610000|17.130000|17.130000|17.140000|196522.000000|17069.000000|10622377.000000
DAL:247361702|2011-11-09|8.040000|8.000000|8.000000|8.010000|28166.000000|13100.000000|9072231.000000
MCHP:595017104|2011-11-09|36.110000|35.450000|35.420000|35.430000|57257.000000|300.000000|2129070.000000
STM:861012102|2011-11-09|7.160000|6.940000|6.940000|6.950000|23165.000000|5800.000000|1914838.000000
GIB:39945C109|2011-11-09|19.710000|19.670000|19.650000|19.660000|6100.000000|500.000000|213122.000000
ATML:049513104|2011-11-09|9.890000|9.550000|9.550000|9.560000|98715.000000|1000.000000|10330873.000000
AAPL:037833100|2011-11-10|397.030000|385.220000|385.210000|385.220000|139446.000000|219976.000000|26247045.000000
AAp:01381720|2011-11-10||79.060000|79.060000|83.750000|||
MSFT:594918104|2011-11-10|26.470000|26.280000|26.270000|26.280000|296750.000000|97317.000000|32123214.000000
IBM:459200101|2011-11-10|183.580000|183.350000|183.370000|183.380000|36404.000000|7677.000000|3837877.000000
WMT:931142103|2011-11-10|58.330000|58.130000|58.110000|58.120000|48199.000000|17100.000000|9344619.000000
ORCL:68389X105|2011-11-10|31.940000|31.730000|31.730000|31.740000|518836.000000|25579.000000|24759416.000000
INTC:458140100|2011-11-10|24.140000|24.060000|24.040000|24.050000|589063.000000|103119.000000|44816522.000000
SAP:803054204|2011-11-10|59.610000|59.690000|59.720000|59.730000|125000.000000|130900.000000|1517052.000000
CAJ:138006309|2011-11-10|43.590000|43.450000|43.450000|43.460000|1100.000000|486.000000|158493.000000
EMC:268648102|2011-11-10|24.370000|24.060000|24.060000|24.080000|44175.000000|11381.000000|19356303.000000
POT:003493512|2011-11-10|47|46.21|46.23|46.24|10,700|17,896|7,588,761
GM:37045V100|2011-11-10|22.440000|22.700000|22.690000|22.690000|92396.000000|101132.000000|15673971.000000
TGT:87612E106|2011-11-10|52.130000|51.770000|51.740000|51.750000|13189.000000|5200.000000|3909515.000000
CCL:143658300|2011-11-10|33.050000|32.940000|32.940000|32.960000|19353.000000|6000.000000|3941084.000000
YUM:988498101|2011-11-10|55.260000|54.740000|54.710000|54.720000|14959.000000|1850.000000|3281487.000000
WIT:97651M109|2011-11-10|9.820000|9.730000|9.720000|9.730000|2000.000000|100.000000|383347.000000
BRCM:111320107|2011-11-10|34.600000|34.130000|34.130000|34.140000|209655.000000|7734.000000|7371783.000000
ASML:N07059186|2011-11-10|40.680000|40.550000|40.550000|40.560000|57695.000000|5845.000000|2520530.000000
AMAT:038222105|2011-11-10|12.260000|12.250000|12.240000|12.250000|227049.000000|2984.000000|11314126.000000
MRVL:G5876H105|2011-11-10|14.320000|14.480000|14.480000|14.490000|261985.000000|5200.000000|13342943.000000
NVDA:67066G104|2011-11-10|14.670000|14.470000|14.470000|14.480000|1798107.000000|35813.000000|22928098.000000
MXIM:57772K101|2011-11-10|26.180000|26.070000|26.050000|26.070000|24076.000000|299.000000|2951051.000000
STX:G7945M107|2011-11-10|17.490000|17.510000|17.500000|17.510000|8460.000000|6804.000000|13098740.000000
MCHP:595017104|2011-11-10|35.730000|35.760000|35.760000|35.770000|13290.000000|1813.000000|1467754.000000
STM:861012102|2011-11-10|7.240000|7.090000|7.080000|7.080000|23165.000000|4400.000000|1519923.000000
DAL:247361702|2011-11-10|8.020000|7.620000|7.610000|7.620000|6471.000000|8900.000000|15525640.000000
GIB:39945C109|2011-11-10|19.560000|19.760000|19.780000|19.790000|6100.000000|1800.000000|506567.000000
ATML:049513104|2011-11-10|9.670000|9.550000|9.550000|9.560000|291177.000000|4758.000000|7126379.000000
AAPL:037833100|2011-11-11|386.610000|384.620000|384.560000|384.630000|204787.000000|339460.000000|22805184.000000
AAp:01381720|2011-11-11||79.060000|78.550000|83.750000|||
MSFT:594918104|2011-11-11|26.579900|26.910000|26.900000|26.910000|912325.000000|133548.000000|36858098.000000
IBM:459200101|2011-11-11|185.270000|187.380000|187.340000|187.380000|165946.000000|3645.000000|3495718.000000
WMT:931142103|2011-11-11|58.510000|59.200000|59.200000|59.210000|184595.000000|17401.000000|8196485.000000
ORCL:68389X105|2011-11-11|32.020000|32.370000|32.380000|32.380000|1183461.000000|5747.000000|20475580.000000
INTC:458140100|2011-11-11|24.310000|24.850000|24.830000|24.840000|872234.000000|33710.000000|42961248.000000
SAP:803054204|2011-11-11|60.800000|60.680000|60.670000|60.670000|2024.000000|25640.000000|1219359.000000
CAJ:138006309|2011-11-11|44.240000|44.800000|44.790000|44.800000|1100.000000|486.000000|512867.000000
EMC:268648102|2011-11-11|24.420000|24.640000|24.640000|24.650000|135345.000000|15682.000000|15645110.000000
POT:003493512|2011-11-11|46.71|46.86|46.82|46.83|14,600|16,793|5,240,696
TGT:87612E106|2011-11-11|52.000000|53.070000|53.070000|53.080000|54196.000000|500.000000|4237127.000000
GM:37045V100|2011-11-11|22.950000|22.510000|22.490000|22.500000|59024.000000|26939.000000|15353455.000000
CCL:143658300|2011-11-11|33.550000|33.470000|33.450000|33.460000|18789.000000|3390.000000|2677032.000000
YUM:988498101|2011-11-11|55.210000|55.810000|55.820000|55.830000|20481.000000|100.000000|2418866.000000
WIT:97651M109|2011-11-11|9.900000|10.030000|10.030000|10.040000|89049.000000|100.000000|622681.000000
BRCM:111320107|2011-11-11|34.609900|35.330000|35.300000|35.310000|125708.000000|1100.000000|5092742.000000
ASML:N07059186|2011-11-11|40.640000|41.560000|41.560000|41.590000|2419.000000|13350.000000|2517600.000000
AMAT:038222105|2011-11-11|12.420000|12.730000|12.720000|12.730000|416570.000000|12600.000000|11800779.000000
NVDA:67066G104|2011-11-11|14.880000|14.980000|14.970000|14.980000|195249.000000|504824.000000|43098084.000000
MRVL:G5876H105|2011-11-11|14.590000|14.920000|14.920000|14.930000|284278.000000|1630.000000|11153051.000000
MXIM:57772K101|2011-11-11|26.100000|26.750000|26.730000|26.740000|35189.000000|1300.000000|1557168.000000
STX:G7945M107|2011-11-11|17.620000|17.940000|17.950000|17.960000|67759.000000|6804.000000|11917381.000000
MCHP:595017104|2011-11-11|36.040000|36.760000|36.750000|36.760000|76296.000000|1135.000000|1560784.000000
DAL:247361702|2011-11-11|7.750000|7.950000|7.950000|7.960000|11889.000000|7900.000000|9465961.000000
STM:861012102|2011-11-11|7.270000|7.340000|7.330000|7.340000|15675.000000|100.000000|959787.000000
GIB:39945C109|2011-11-11|19.870000|19.740000|19.740000|19.760000|67500.000000|1700.000000|277891.000000
ATML:049513104|2011-11-11|9.660000|10.220000|10.200000|10.210000|32926.000000|4758.000000|8654826.000000
AAPL:037833100|2011-11-14|383.520000|379.260000|379.260000|379.370000|227818.000000|140067.000000|15098616.000000
AAp:01381720|2011-11-14||79.060000|79.050000|83.750000|||
MSFT:594918104|2011-11-14|26.879900|26.760000|26.750000|26.760000|2665482.000000|46105.000000|31487559.000000
IBM:459200101|2011-11-14|189.170000|187.350000|187.220000|187.190000|214631.000000|381544.000000|5450904.000000
WMT:931142103|2011-11-14|58.810000|58.890000|58.900000|58.900000|292277.000000|38428.000000|10223770.000000
ORCL:68389X105|2011-11-14|32.300000|32.300000|32.300000|32.310000|695510.000000|7576.000000|16078542.000000
INTC:458140100|2011-11-14|24.780100|24.630000|24.630000|24.640000|9348147.000000|61548.000000|40008349.000000
SAP:803054204|2011-11-14|60.020000|59.720000|59.750000|59.770000|2024.000000|10055.000000|930975.000000
CAJ:138006309|2011-11-14|44.290000|44.200000|44.160000|44.170000|1100.000000|486.000000|376282.000000
EMC:268648102|2011-11-14|24.550000|24.460000|24.460000|24.470000|345445.000000|11020.000000|9940119.000000
POT:003493512|2011-11-14|46.80|46.23|46.25|46.28|8,835|3,685|4,386,881
GM:37045V100|2011-11-14|22.560000|22.990000|23.010000|23.020000|137758.000000|12922.000000|13282826.000000
TGT:87612E106|2011-11-14|52.500000|52.650000|52.610000|52.620000|258981.000000|600.000000|3487339.000000
CCL:143658300|2011-11-14|33.270000|33.180000|33.190000|33.210000|272353.000000|500.000000|2586374.000000
YUM:988498101|2011-11-14|55.550000|55.290000|55.290000|55.310000|71719.000000|600.000000|1838957.000000
WIT:97651M109|2011-11-14|10.040000|10.010000|10.010000|10.020000|84895.000000|100.000000|528664.000000
BRCM:111320107|2011-11-14|35.140000|34.520000|34.520000|34.530000|128236.000000|1100.000000|4530139.000000
ASML:N07059186|2011-11-14|40.990000|40.170000|40.140000|40.160000|38804.000000|3500.000000|2556559.000000
AMAT:038222105|2011-11-14|12.680000|12.540000|12.540000|12.550000|308407.000000|3350.000000|10094660.000000
MRVL:G5876H105|2011-11-14|14.860000|14.840000|14.840000|14.850000|233026.000000|400.000000|9046273.000000
NVDA:67066G104|2011-11-14|14.980000|14.690000|14.690000|14.700000|161391.000000|14534.000000|12335047.000000
MXIM:57772K101|2011-11-14|26.700000|26.490000|26.490000|26.500000|52871.000000|1300.000000|1639801.000000
STX:G7945M107|2011-11-14|17.710000|17.760000|17.760000|17.770000|117614.000000|5612.000000|7178912.000000
MCHP:595017104|2011-11-14|36.620000|36.430000|36.430000|36.440000|37987.000000|300.000000|1149681.000000
DAL:247361702|2011-11-14|8.020000|8.060000|8.060000|8.070000|28198.000000|1600.000000|15801617.000000
STM:861012102|2011-11-14|7.330000|7.250000|7.240000|7.250000|6193.000000|11290.000000|845969.000000
GIB:39945C109|2011-11-14|19.540000|19.280000|19.290000|19.320000|6100.000000|1700.000000|259520.000000
ATML:049513104|2011-11-14|10.150000|10.100000|10.100000|10.110000|7562.000000|2600.000000|6835264.000000
AAPL:037833100|2011-11-15|380.800000|388.830000|388.830000|388.840000|179766.000000|166850.000000|15045500.000000
MSFT:594918104|2011-11-15|26.560000|26.740000|26.720000|26.730000|716586.000000|90060.000000|43070429.000000
IBM:459200101|2011-11-15|187.490000|188.750000|188.770000|188.780000|49584.000000|7475.000000|4528173.000000
WMT:931142103|2011-11-15|57.970000|57.460000|57.460000|57.470000|425654.000000|300706.000000|15280930.000000
ORCL:68389X105|2011-11-15|32.210000|32.970000|32.960000|32.970000|356589.000000|10861.000000|21029850.000000
INTC:458140100|2011-11-15|24.660000|25.340000|25.340000|25.350000|599337.000000|102802.000000|76689131.000000
SAP:803054204|2011-11-15|59.800000|60.300000|60.290000|60.300000|13700.000000|12795.000000|1016805.000000
CAJ:138006309|2011-11-15|44.060000|43.950000|43.950000|43.940000|1100.000000|486.000000|196238.000000
EMC:268648102|2011-11-15|24.270000|24.550000|24.560000|24.570000|40721.000000|8825.000000|8763714.000000
POT:003493512|2011-11-15|45.88|45.79|45.81|45.85|16,725|20,782|4,774,376
GM:37045V100|2011-11-15|22.810000|23.350000|23.350000|23.360000|16874.000000|12100.000000|13839612.000000
TGT:87612E106|2011-11-15|52.530000|53.180000|53.180000|53.180000|131925.000000|300.000000|6400837.000000
CCL:143658300|2011-11-15|33.030000|33.040000|33.040000|33.060000|272353.000000|4150.000000|2452503.000000
YUM:988498101|2011-11-15|55.280000|55.410000|55.380000|55.400000|6452.000000|600.000000|1840658.000000
WIT:97651M109|2011-11-15|10.030000|10.120000|10.100000|10.110000|84895.000000|100.000000|314175.000000
BRCM:111320107|2011-11-15|35.020000|35.950000|35.950000|35.960000|173778.000000|66294.000000|10381956.000000
ASML:N07059186|2011-11-15|39.960000|40.460000|40.450000|40.460000|38804.000000|34700.000000|1389422.000000
AMAT:038222105|2011-11-15|12.290000|12.640000|12.620000|12.630000|229321.000000|20600.000000|11476657.000000
MRVL:G5876H105|2011-11-15|14.790000|15.080000|15.060000|15.070000|124239.000000|6100.000000|12024651.000000
NVDA:67066G104|2011-11-15|14.550000|14.880000|14.860000|14.870000|183450.000000|7284.000000|12453374.000000
MXIM:57772K101|2011-11-15|26.390000|27.010000|27.020000|27.030000|17448.000000|1300.000000|2783781.000000
STX:G7945M107|2011-11-15|17.200000|17.520000|17.520000|17.530000|33176.000000|6866.000000|8838470.000000
MCHP:595017104|2011-11-15|36.350000|36.870000|36.870000|36.880000|57379.000000|1283.000000|1767090.000000
DAL:247361702|2011-11-15|8.060000|8.000000|7.990000|8.000000|11158.000000|1300.000000|12761266.000000
STM:861012102|2011-11-15|7.150000|7.150000|7.150000|7.160000|6975.000000|4770.000000|873239.000000
GIB:39945C109|2011-11-15|19.220000|19.230000|19.230000|19.250000|6100.000000|1700.000000|273562.000000
ATML:049513104|2011-11-15|10.070000|10.310000|10.300000|10.310000|116997.000000|2600.000000|7658651.000000
AAp:01381720|2011-11-15||81.750000|79.050000|81.740000|||
